3.961124986600
2.170124986600
1.577124986600
1.285124986600
1.095124986600
0.927124986600
0.835124986600
0.726124986600
0.687124986600
0.659124986600
0.648124986600
0.582124986600
0.578124986600
0.582124986600
0.565124986600
0.572124986600
0.577124986600
0.560124986600
0.570124986600
0.561124986600
0.557124986600
0.568124986600
0.567124986600
0.575124986600
0.552124986600
0.565124986600
0.570124986600
0.574124986600
0.550124986600
0.530124986600
0.594124986600
0.590124986600
0.575124986600
0.599124986600
0.603124986600
0.611124986600
0.590124986600
0.616124986600
0.595124986600
0.610124986600
0.609124986600
0.591124986600
0.624124986600
0.613124986600
0.614124986600
0.605124986600
0.619124986600
0.615124986600
0.631124986600
0.620124986600
0.609124986600
0.639124986600
0.632124986600
0.621124986600
0.639124986600
0.620124986600
0.629124986600
0.644124986600
0.655124986600
0.639124986600
0.662124986600
0.645124986600
0.662124986600
0.661124986600
0.673124986600
0.654124986600
0.668124986600
0.675124986600
0.668124986600
0.662124986600
0.675124986600
0.649124986600
0.680124986600
0.659124986600
0.655124986600
0.656124986600
0.666124986600
0.652124986600
0.663124986600
0.681124986600
0.692124986600
0.652124986600
0.655124986600
0.689124986600
0.673124986600
0.694124986600
0.648124986600
0.673124986600
0.671124986600
0.678124986600
0.681124986600
0.713124986600
0.675124986600
0.683124986600
0.688124986600
0.690124986600
0.672124986600
0.666124986600
0.677124986600
0.663